162 4  
162 2  
162 66  
162 66  
162 4  
162 138  
162 66  
162 5  
162 23  
162 45  
162 4  
162 27  
162 66  
162 5  
162 4  
162 2  
162 66  
162 66  
162 5  
162 5  
162 85  
162 5  
162 5  
162 5  
162 5  
162 5  
162 5  
162 5  
162 5  
162 5  
162 5  
162 5  
162 5  
162 5  
162 5  
162 5  
162 5  
162 5  
162 5  
162 5  
162 5  
162 5  
162 5  
162 5  
162 5  
162 5  
162 5  
162 5  
162 5  
162 5  
162 5  
162 5  
162 5  
162 5  
162 5  
162 5  
162 5  
162 5  
162 5  
162 5  
162 5  
162 5  
162 5  
162 5  
162 5  
162 5  
162 5  
162 5  
162 5  
162 5  
162 5  
162 5  
162 5  
162 5  
162 5  
162 5  
162 5  
162 5  
162 5  
162 5  
162 5  
162 5  
162 4  
162 59  
162 105  
162 104  
162 104  
162 106  
162 105  
162 104  
162 104  
162 106  
162 105  
162 104  
162 104  
162 106  
162 105  
162 104  
162 104  
162 106  
162 56  
162 19  
162 155  
162 83  
162 155  
162 19  
162 4  
162 93  
162 94  
162 5  
162 112  
162 19  
162 93  
162 19  
162 100  
162 50  
162 128  
162 85  
162 89  
162 121  
162 5  
162 5  
162 4  
162 50  
162 27  
162 2  
162 19  
162 4  
162 93  
162 94  
162 5  
162 112  
162 19  
162 93  
162 100  
162 50  
162 128  
162 89  
162 121  
162 5  
162 5  
162 5  
162 93  
162 50  
162 112  
162 4  
162 2  
162 5  
162 23  
162 4  
162 50  
162 27  
162 2  
162 2  
162 11  
162 17  
162 4  
162 4  
162 27  
162 18  
162 2  
162 17  
162 112  
162 19  
162 19  
162 32  
162 32  
162 7  
162 5  
162 8  
162 9  
162 8  
162 4  
162 14  
162 112  
162 19  
162 112  
162 4  
162 2  
162 5  
162 112  
162 112  
162 50  
162 50  
162 27  
162 4  
162 27  
162 88  
162 167  
162 17  
162 5  
162 4  
162 50  
162 27  
162 2  
162 5  
162 4  
162 18  
162 2  
162 5  
162 23  
162 4  
162 50  
162 27  
162 2  
162 5  
162 4  
162 50  
162 27  
162 2  
162 5  
162 19  
162 4  
162 93  
162 94  
162 5  
162 112  
162 19  
162 93  
162 100  
162 50  
162 128  
162 89  
162 121  
162 5  
162 5  
162 4  
162 50  
162 27  
162 2  
162 5  
162 17  
162 4  
162 50  
162 27  
162 2  
162 105  
162 108  
162 112  
162 19  
162 19  
162 105  
162 104  
162 104  
162 106  
162 78  
162 112  
162 105  
162 104  
162 104  
162 106  
162 78  
162 19  
162 4  
162 93  
162 94  
162 5  
162 112  
162 19  
162 93  
162 100  
162 50  
162 128  
162 89  
162 121  
162 5  
162 5  
162 4  
162 50  
162 27  
162 2  
162 19  
162 4  
162 93  
162 94  
162 5  
162 112  
162 19  
162 93  
162 100  
162 50  
162 128  
162 89  
162 121  
162 5  
162 5  
162 5  
162 105  
162 104  
162 104  
162 106  
162 19  
162 105  
162 104  
162 104  
162 106  
162 78  
162 112  
162 105  
162 104  
162 104  
162 106  
162 19  
162 4  
162 93  
162 94  
162 5  
162 112  
162 19  
162 93  
162 100  
162 50  
162 128  
162 89  
162 121  
162 5  
162 5  
162 4  
162 50  
162 27  
162 2  
162 5  
162 17  
162 4  
162 50  
162 27  
162 2  
162 105  
162 108  
162 112  
162 19  
162 19  
162 105  
162 104  
162 104  
162 106  
162 78  
162 112  
162 105  
162 104  
162 104  
162 106  
162 78  
162 19  
162 4  
162 93  
162 94  
162 5  
162 112  
162 19  
162 93  
162 100  
162 50  
162 128  
162 89  
162 121  
162 5  
162 5  
162 4  
162 50  
162 27  
162 2  
162 19  
162 4  
162 93  
162 94  
162 5  
162 112  
162 19  
162 93  
162 100  
162 50  
162 128  
162 89  
162 121  
162 5  
162 5  
162 5  
162 105  
162 104  
162 104  
162 106  
162 19  
162 105  
162 104  
162 104  
162 106  
162 78  
162 112  
162 105  
162 104  
162 104  
162 106  
162 2  
162 5  
162 2  
162 5  
162 4  
162 14  
162 50  
162 27  
162 2  
162 50  
162 27  
162 2  
162 3  
162 5  
162 93  
162 88  
162 112  
162 19  
162 128  
162 112  
162 19  
162 128  
162 4  
162 50  
162 27  
162 50  
162 3  
162 3  
162 112  
162 19  
162 128  
162 3  
162 19  
162 4  
162 93  
162 94  
162 5  
162 112  
162 19  
162 93  
162 100  
162 50  
162 128  
162 89  
162 121  
162 5  
162 5  
162 17  
162 23  
162 17  
162 105  
162 108  
162 112  
162 19  
162 19  
162 105  
162 104  
162 104  
162 106  
162 78  
162 112  
162 105  
162 104  
162 104  
162 106  
162 78  
162 19  
162 4  
162 93  
162 94  
162 5  
162 112  
162 19  
162 93  
162 100  
162 50  
162 128  
162 89  
162 121  
162 5  
162 5  
162 4  
162 50  
162 27  
162 2  
162 19  
162 4  
162 93  
162 94  
162 5  
162 112  
162 19  
162 93  
162 100  
162 50  
162 128  
162 89  
162 121  
162 5  
162 5  
162 5  
162 105  
162 104  
162 104  
162 106  
162 19  
162 105  
162 104  
162 104  
162 106  
162 78  
162 112  
162 105  
162 104  
162 104  
162 106  
162 105  
162 104  
162 104  
162 106  
162 1  
162 6  
163 105  
163 104  
163 104  
163 106  
163 105  
163 104  
163 104  
163 106  
163 105  
163 104  
163 104  
163 106  
163 56  
163 17  
163 123  
163 122  
163 4  
163 18  
163 50  
163 27  
163 105  
163 108  
163 112  
163 19  
163 19  
163 105  
163 104  
163 104  
163 106  
163 78  
163 112  
163 105  
163 104  
163 104  
163 106  
163 78  
163 19  
163 4  
163 93  
163 94  
163 5  
163 112  
163 19  
163 93  
163 100  
163 50  
163 128  
163 89  
163 121  
163 5  
163 5  
163 4  
163 50  
163 27  
163 2  
163 19  
163 4  
163 93  
163 94  
163 5  
163 112  
163 19  
163 93  
163 100  
163 50  
163 128  
163 89  
163 121  
163 5  
163 5  
163 5  
163 105  
163 104  
163 104  
163 106  
163 19  
163 105  
163 104  
163 104  
163 106  
163 78  
163 112  
163 105  
163 104  
163 104  
163 106  
163 18  
163 50  
163 27  
163 2  
163 2  
163 3  
163 3  
163 5  
163 14  
163 5  
163 5  
163 5  
163 5  
163 3  
163 5  
163 5  
162 112  
162 112  
162 19  
162 128  
162 9  
162 9  
162 3  
162 5  
162 9  
162 9  
162 5  
162 112  
162 4  
162 5  
162 5  
162 5  
162 5  
170 4  
170 2  
170 66  
170 66  
170 4  
170 138  
170 66  
170 5  
170 23  
170 45  
170 4  
170 27  
170 66  
170 5  
170 4  
170 2  
170 66  
170 66  
170 5  
170 5  
170 85  
170 5  
170 5  
170 5  
170 5  
170 5  
170 5  
170 5  
170 5  
170 5  
170 5  
170 5  
170 5  
170 5  
170 5  
170 5  
170 5  
170 5  
170 5  
170 5  
170 5  
170 5  
170 5  
170 5  
170 5  
170 5  
170 5  
170 5  
170 5  
170 5  
170 5  
170 5  
170 5  
170 5  
170 5  
170 5  
170 5  
170 5  
170 5  
170 5  
170 5  
170 5  
170 5  
170 5  
170 5  
170 5  
170 5  
170 5  
170 5  
170 5  
170 5  
170 5  
170 5  
170 5  
170 5  
170 5  
170 5  
170 5  
170 5  
170 5  
170 5  
170 5  
170 4  
170 59  
170 105  
170 104  
170 104  
170 106  
170 105  
170 104  
170 104  
170 106  
170 105  
170 104  
170 104  
170 106  
170 105  
170 104  
170 104  
170 106  
170 105  
170 104  
170 104  
170 106  
170 105  
170 104  
170 104  
170 106  
170 56  
170 19  
170 155  
170 83  
170 155  
170 19  
170 4  
170 93  
170 94  
170 5  
170 112  
170 19  
170 93  
170 19  
170 100  
170 50  
170 128  
170 85  
170 89  
170 121  
170 5  
170 5  
170 4  
170 50  
170 27  
170 2  
170 19  
170 4  
170 93  
170 94  
170 5  
170 112  
170 19  
170 93  
170 100  
170 50  
170 128  
170 89  
170 121  
170 5  
170 5  
170 5  
170 93  
170 50  
170 112  
170 4  
170 2  
170 5  
170 4  
170 50  
170 27  
170 2  
170 2  
170 11  
170 17  
170 4  
170 4  
170 27  
170 18  
170 2  
170 17  
170 112  
170 19  
170 19  
170 32  
170 32  
170 7  
170 5  
170 8  
170 9  
170 8  
170 4  
170 14  
170 112  
170 19  
170 112  
170 4  
170 2  
170 5  
170 112  
170 112  
170 50  
170 27  
170 4  
170 27  
170 88  
170 167  
170 17  
170 5  
170 4  
170 50  
170 27  
170 2  
170 5  
170 4  
170 18  
170 2  
170 5  
170 23  
170 4  
170 50  
170 27  
170 2  
170 5  
170 4  
170 50  
170 27  
170 2  
170 5  
170 105  
170 108  
170 112  
170 19  
170 19  
170 105  
170 104  
170 104  
170 106  
170 78  
170 112  
170 105  
170 104  
170 104  
170 106  
170 78  
170 19  
170 4  
170 93  
170 94  
170 5  
170 112  
170 19  
170 93  
170 100  
170 50  
170 128  
170 89  
170 121  
170 5  
170 5  
170 4  
170 50  
170 27  
170 2  
170 19  
170 4  
170 93  
170 94  
170 5  
170 112  
170 19  
170 93  
170 100  
170 50  
170 128  
170 89  
170 121  
170 5  
170 5  
170 5  
170 105  
170 104  
170 104  
170 106  
170 19  
170 105  
170 104  
170 104  
170 106  
170 78  
170 112  
170 105  
170 104  
170 104  
170 106  
170 19  
170 4  
170 93  
170 94  
170 5  
170 112  
170 19  
170 93  
170 100  
170 50  
170 128  
170 89  
170 121  
170 5  
170 5  
170 4  
170 50  
170 27  
170 2  
170 5  
170 17  
170 4  
170 50  
170 27  
170 2  
170 105  
170 108  
170 112  
170 19  
170 19  
170 105  
170 104  
170 104  
170 106  
170 78  
170 112  
170 105  
170 104  
170 104  
170 106  
170 78  
170 19  
170 4  
170 93  
170 94  
170 5  
170 112  
170 19  
170 93  
170 100  
170 50  
170 128  
170 89  
170 121  
170 5  
170 5  
170 4  
170 50  
170 27  
170 2  
170 19  
170 4  
170 93  
170 94  
170 5  
170 112  
170 19  
170 93  
170 100  
170 50  
170 128  
170 89  
170 121  
170 5  
170 5  
170 5  
170 105  
170 104  
170 104  
170 106  
170 19  
170 105  
170 104  
170 104  
170 106  
170 78  
170 112  
170 105  
170 104  
170 104  
170 106  
170 19  
170 4  
170 93  
170 94  
170 5  
170 112  
170 19  
170 93  
170 100  
170 50  
170 128  
170 89  
170 121  
170 5  
170 5  
170 4  
170 50  
170 27  
170 2  
170 5  
170 17  
170 4  
170 50  
170 27  
170 2  
170 105  
170 108  
170 112  
170 19  
170 19  
170 105  
170 104  
170 104  
170 106  
170 78  
170 112  
170 105  
170 104  
170 104  
170 106  
170 78  
170 19  
170 4  
170 93  
170 94  
170 5  
170 112  
170 19  
170 93  
170 100  
170 50  
170 128  
170 89  
170 121  
170 5  
170 5  
170 4  
170 50  
170 27  
170 2  
170 19  
170 4  
170 93  
170 94  
170 5  
170 112  
170 19  
170 93  
170 100  
170 50  
170 128  
170 89  
170 121  
170 5  
170 5  
170 5  
170 105  
170 104  
170 104  
170 106  
170 19  
170 105  
170 104  
170 104  
170 106  
170 78  
170 112  
170 105  
170 104  
170 104  
170 106  
170 2  
170 5  
170 2  
170 5  
170 4  
170 14  
170 50  
170 2  
170 4  
170 14  
170 50  
170 27  
170 3  
170 5  
170 9  
170 124  
170 9  
170 9  
170 5  
170 5  
170 5  
170 5  
170 5  
170 5  
182 4  
182 2  
182 66  
182 66  
182 4  
182 138  
182 66  
182 5  
182 23  
182 45  
182 4  
182 27  
182 66  
182 5  
182 4  
182 2  
182 66  
182 66  
182 5  
182 5  
182 85  
182 5  
182 5  
182 5  
182 5  
182 5  
182 5  
182 5  
182 5  
182 5  
182 5  
182 5  
182 5  
182 5  
182 5  
182 5  
182 5  
182 5  
182 5  
182 5  
182 5  
182 5  
182 5  
182 5  
182 5  
182 5  
182 5  
182 5  
182 5  
182 5  
182 5  
182 5  
182 5  
182 5  
182 5  
182 5  
182 5  
182 5  
182 5  
182 5  
182 5  
182 5  
182 5  
182 5  
182 5  
182 5  
182 5  
182 5  
182 5  
182 5  
182 5  
182 5  
182 5  
182 5  
182 5  
182 5  
182 5  
182 5  
182 5  
182 5  
182 5  
182 5  
182 4  
182 59  
182 105  
182 104  
182 104  
182 106  
182 105  
182 104  
182 104  
182 106  
182 105  
182 104  
182 104  
182 106  
182 105  
182 104  
182 104  
182 106  
182 56  
182 19  
182 155  
182 83  
182 155  
182 19  
182 4  
182 93  
182 94  
182 5  
182 112  
182 19  
182 93  
182 19  
182 100  
182 50  
182 128  
182 85  
182 89  
182 121  
182 5  
182 5  
182 4  
182 50  
182 27  
182 2  
182 19  
182 4  
182 93  
182 94  
182 5  
182 112  
182 19  
182 93  
182 100  
182 50  
182 128  
182 89  
182 121  
182 5  
182 5  
182 5  
182 93  
182 50  
182 112  
182 4  
182 2  
182 5  
182 23  
182 4  
182 50  
182 27  
182 2  
182 2  
182 11  
182 17  
182 4  
182 4  
182 27  
182 18  
182 2  
182 17  
182 112  
182 19  
182 19  
182 32  
182 32  
182 7  
182 5  
182 8  
182 9  
182 8  
182 4  
182 14  
182 112  
182 19  
182 112  
182 4  
182 2  
182 5  
182 112  
182 112  
182 50  
182 50  
182 27  
182 4  
182 27  
182 88  
182 167  
182 17  
182 5  
182 4  
182 50  
182 27  
182 2  
182 5  
182 4  
182 18  
182 2  
182 5  
182 4  
182 50  
182 27  
182 2  
182 5  
182 23  
182 4  
182 50  
182 27  
182 2  
182 5  
182 19  
182 4  
182 93  
182 94  
182 5  
182 112  
182 19  
182 93  
182 100  
182 50  
182 128  
182 89  
182 121  
182 5  
182 5  
182 4  
182 50  
182 27  
182 2  
182 5  
182 17  
182 4  
182 50  
182 27  
182 2  
182 105  
182 108  
182 112  
182 19  
182 19  
182 105  
182 104  
182 104  
182 106  
182 78  
182 112  
182 105  
182 104  
182 104  
182 106  
182 78  
182 19  
182 4  
182 93  
182 94  
182 5  
182 112  
182 19  
182 93  
182 100  
182 50  
182 128  
182 89  
182 121  
182 5  
182 5  
182 4  
182 50  
182 27  
182 2  
182 19  
182 4  
182 93  
182 94  
182 5  
182 112  
182 19  
182 93  
182 100  
182 50  
182 128  
182 89  
182 121  
182 5  
182 5  
182 5  
182 105  
182 104  
182 104  
182 106  
182 19  
182 105  
182 104  
182 104  
182 106  
182 78  
182 112  
182 105  
182 104  
182 104  
182 106  
182 19  
182 4  
182 93  
182 94  
182 5  
182 112  
182 19  
182 93  
182 100  
182 50  
182 128  
182 89  
182 121  
182 5  
182 5  
182 4  
182 50  
182 27  
182 2  
182 5  
182 17  
182 4  
182 50  
182 27  
182 2  
182 105  
182 108  
182 112  
182 19  
182 19  
182 105  
182 104  
182 104  
182 106  
182 78  
182 112  
182 105  
182 104  
182 104  
182 106  
182 78  
182 19  
182 4  
182 93  
182 94  
182 5  
182 112  
182 19  
182 93  
182 100  
182 50  
182 128  
182 89  
182 121  
182 5  
182 5  
182 4  
182 50  
182 27  
182 2  
182 19  
182 4  
182 93  
182 94  
182 5  
182 112  
182 19  
182 93  
182 100  
182 50  
182 128  
182 89  
182 121  
182 5  
182 5  
182 5  
182 105  
182 104  
182 104  
182 106  
182 19  
182 105  
182 104  
182 104  
182 106  
182 78  
182 112  
182 105  
182 104  
182 104  
182 106  
182 2  
182 5  
182 2  
182 5  
182 4  
182 14  
182 50  
182 27  
182 2  
182 50  
182 27  
182 2  
182 3  
182 5  
182 93  
182 88  
182 112  
182 19  
182 128  
182 112  
182 19  
182 128  
182 4  
182 50  
182 27  
182 50  
182 3  
182 3  
182 112  
182 19  
182 128  
182 3  
182 19  
182 4  
182 93  
182 94  
182 5  
182 112  
182 19  
182 93  
182 100  
182 50  
182 128  
182 89  
182 121  
182 5  
182 5  
182 17  
182 23  
182 17  
182 105  
182 108  
182 112  
182 19  
182 19  
182 105  
182 104  
182 104  
182 106  
182 78  
182 112  
182 105  
182 104  
182 104  
182 106  
182 78  
182 19  
182 4  
182 93  
182 94  
182 5  
182 112  
182 19  
182 93  
182 100  
182 50  
182 128  
182 89  
182 121  
182 5  
182 5  
182 4  
182 50  
182 27  
182 2  
182 19  
182 4  
182 93  
182 94  
182 5  
182 112  
182 19  
182 93  
182 100  
182 50  
182 128  
182 89  
182 121  
182 5  
182 5  
182 5  
182 105  
182 104  
182 104  
182 106  
182 19  
182 105  
182 104  
182 104  
182 106  
182 78  
182 112  
182 105  
182 104  
182 104  
182 106  
182 105  
182 104  
182 104  
182 106  
182 1  
182 6  
183 105  
183 104  
183 104  
183 106  
183 105  
183 104  
183 104  
183 106  
183 105  
183 104  
183 104  
183 106  
183 56  
183 17  
183 123  
183 122  
183 4  
183 5  
183 5  
183 5  
183 5  
183 3  
183 5  
183 5  
182 3  
182 112  
182 112  
182 19  
182 128  
182 9  
182 9  
182 3  
182 5  
182 9  
182 9  
182 5  
182 112  
182 4  
182 5  
182 5  
182 5  
182 5  
206 4  
206 2  
206 66  
206 66  
206 4  
206 138  
206 66  
206 5  
206 23  
206 45  
206 4  
206 27  
206 66  
206 5  
206 4  
206 2  
206 66  
206 66  
206 5  
206 5  
206 85  
206 5  
206 5  
206 5  
206 5  
206 5  
206 5  
206 5  
206 5  
206 5  
206 5  
206 5  
206 5  
206 5  
206 5  
206 5  
206 5  
206 5  
206 5  
206 5  
206 5  
206 5  
206 5  
206 5  
206 5  
206 5  
206 5  
206 5  
206 5  
206 5  
206 5  
206 5  
206 5  
206 5  
206 5  
206 5  
206 5  
206 5  
206 5  
206 5  
206 5  
206 5  
206 5  
206 5  
206 5  
206 5  
206 5  
206 5  
206 5  
206 5  
206 5  
206 5  
206 5  
206 5  
206 5  
206 5  
206 5  
206 5  
206 5  
206 5  
206 5  
206 5  
206 4  
206 59  
206 105  
206 104  
206 104  
206 106  
206 105  
206 104  
206 104  
206 106  
206 105  
206 104  
206 104  
206 106  
206 105  
206 104  
206 104  
206 106  
206 56  
206 19  
206 155  
206 83  
206 155  
206 19  
206 4  
206 93  
206 94  
206 5  
206 112  
206 19  
206 93  
206 19  
206 100  
206 50  
206 128  
206 85  
206 89  
206 121  
206 5  
206 5  
206 4  
206 50  
206 27  
206 2  
206 19  
206 4  
206 93  
206 94  
206 5  
206 112  
206 19  
206 93  
206 100  
206 50  
206 128  
206 89  
206 121  
206 5  
206 5  
206 5  
206 93  
206 50  
206 112  
206 4  
206 2  
206 5  
206 23  
206 4  
206 50  
206 27  
206 2  
206 2  
206 11  
206 17  
206 4  
206 4  
206 27  
206 18  
206 2  
206 17  
206 112  
206 19  
206 19  
206 32  
206 32  
206 7  
206 5  
206 8  
206 9  
206 8  
206 4  
206 14  
206 112  
206 19  
206 112  
206 4  
206 2  
206 5  
206 112  
206 112  
206 50  
206 50  
206 27  
206 4  
206 27  
206 88  
206 167  
206 17  
206 5  
206 4  
206 50  
206 27  
206 2  
206 5  
206 4  
206 18  
206 2  
206 5  
206 23  
206 4  
206 50  
206 27  
206 2  
206 5  
206 4  
206 50  
206 27  
206 2  
206 5  
206 19  
206 4  
206 93  
206 94  
206 5  
206 112  
206 19  
206 93  
206 100  
206 50  
206 128  
206 89  
206 121  
206 5  
206 5  
206 4  
206 50  
206 27  
206 2  
206 5  
206 17  
206 4  
206 50  
206 27  
206 2  
206 105  
206 108  
206 112  
206 19  
206 19  
206 105  
206 104  
206 104  
206 106  
206 78  
206 112  
206 105  
206 104  
206 104  
206 106  
206 78  
206 19  
206 4  
206 93  
206 94  
206 5  
206 112  
206 19  
206 93  
206 100  
206 50  
206 128  
206 89  
206 121  
206 5  
206 5  
206 4  
206 50  
206 27  
206 2  
206 19  
206 4  
206 93  
206 94  
206 5  
206 112  
206 19  
206 93  
206 100  
206 50  
206 128  
206 89  
206 121  
206 5  
206 5  
206 5  
206 105  
206 104  
206 104  
206 106  
206 19  
206 105  
206 104  
206 104  
206 106  
206 78  
206 112  
206 105  
206 104  
206 104  
206 106  
206 19  
206 4  
206 93  
206 94  
206 5  
206 112  
206 19  
206 93  
206 100  
206 50  
206 128  
206 89  
206 121  
206 5  
206 5  
206 4  
206 50  
206 27  
206 2  
206 5  
206 17  
206 4  
206 50  
206 27  
206 2  
206 105  
206 108  
206 112  
206 19  
206 19  
206 105  
206 104  
206 104  
206 106  
206 78  
206 112  
206 105  
206 104  
206 104  
206 106  
206 78  
206 19  
206 4  
206 93  
206 94  
206 5  
206 112  
206 19  
206 93  
206 100  
206 50  
206 128  
206 89  
206 121  
206 5  
206 5  
206 4  
206 50  
206 27  
206 2  
206 19  
206 4  
206 93  
206 94  
206 5  
206 112  
206 19  
206 93  
206 100  
206 50  
206 128  
206 89  
206 121  
206 5  
206 5  
206 5  
206 105  
206 104  
206 104  
206 106  
206 19  
206 105  
206 104  
206 104  
206 106  
206 78  
206 112  
206 105  
206 104  
206 104  
206 106  
206 2  
206 5  
206 2  
206 5  
206 4  
206 14  
206 50  
206 27  
206 2  
206 50  
206 27  
206 2  
206 3  
206 5  
206 93  
206 88  
206 112  
206 19  
206 128  
206 112  
206 19  
206 128  
206 4  
206 50  
206 27  
206 50  
206 3  
206 3  
206 112  
206 19  
206 128  
206 3  
206 19  
206 4  
206 93  
206 94  
206 5  
206 112  
206 19  
206 93  
206 100  
206 50  
206 128  
206 89  
206 121  
206 5  
206 5  
206 17  
206 23  
206 45  
206 23  
206 105  
206 108  
206 112  
206 19  
206 19  
206 105  
206 104  
206 104  
206 106  
206 78  
206 112  
206 105  
206 104  
206 104  
206 106  
206 78  
206 19  
206 4  
206 93  
206 94  
206 5  
206 112  
206 19  
206 93  
206 100  
206 50  
206 128  
206 89  
206 121  
206 5  
206 5  
206 4  
206 50  
206 27  
206 2  
206 19  
206 4  
206 93  
206 94  
206 5  
206 112  
206 19  
206 93  
206 100  
206 50  
206 128  
206 89  
206 121  
206 5  
206 5  
206 5  
206 105  
206 104  
206 104  
206 106  
206 19  
206 105  
206 104  
206 104  
206 106  
206 78  
206 112  
206 105  
206 104  
206 104  
206 106  
206 105  
206 104  
206 104  
206 106  
206 1  
206 6  
207 105  
207 104  
207 104  
207 106  
207 105  
207 104  
207 104  
207 106  
207 105  
207 104  
207 104  
207 106  
207 56  
207 17  
207 123  
207 122  
207 4  
207 18  
207 50  
207 27  
207 105  
207 108  
207 112  
207 19  
207 19  
207 105  
207 104  
207 104  
207 106  
207 78  
207 112  
207 105  
207 104  
207 104  
207 106  
207 78  
207 19  
207 4  
207 93  
207 94  
207 5  
207 112  
207 19  
207 93  
207 100  
207 50  
207 128  
207 89  
207 121  
207 5  
207 5  
207 4  
207 50  
207 27  
207 2  
207 19  
207 4  
207 93  
207 94  
207 5  
207 112  
207 19  
207 93  
207 100  
207 50  
207 128  
207 89  
207 121  
207 5  
207 5  
207 5  
207 105  
207 104  
207 104  
207 106  
207 19  
207 105  
207 104  
207 104  
207 106  
207 78  
207 112  
207 105  
207 104  
207 104  
207 106  
207 18  
207 50  
207 27  
207 2  
207 2  
207 3  
207 3  
207 5  
207 14  
207 5  
207 5  
207 5  
207 5  
207 3  
207 5  
207 5  
206 112  
206 112  
206 19  
206 128  
206 9  
206 9  
206 3  
206 5  
206 9  
206 9  
206 5  
206 112  
206 4  
206 5  
206 5  
206 5  
206 5  
107 4  
107 2  
107 66  
107 66  
107 4  
107 138  
107 66  
107 5  
107 23  
107 45  
107 4  
107 27  
107 66  
107 5  
107 4  
107 2  
107 66  
107 66  
107 5  
107 5  
107 85  
107 5  
107 5  
107 5  
107 5  
107 5  
107 5  
107 5  
107 5  
107 5  
107 5  
107 5  
107 5  
107 5  
107 5  
107 5  
107 5  
107 5  
107 5  
107 5  
107 5  
107 5  
107 5  
107 5  
107 5  
107 5  
107 5  
107 5  
107 5  
107 5  
107 5  
107 5  
107 5  
107 5  
107 5  
107 5  
107 5  
107 5  
107 5  
107 5  
107 5  
107 5  
107 5  
107 5  
107 5  
107 5  
107 5  
107 5  
107 5  
107 5  
107 5  
107 5  
107 5  
107 5  
107 5  
107 5  
107 5  
107 5  
107 5  
107 5  
107 5  
107 5  
107 4  
107 59  
107 105  
107 104  
107 104  
107 106  
107 105  
107 104  
107 104  
107 106  
107 105  
107 104  
107 104  
107 106  
107 105  
107 104  
107 104  
107 106  
107 56  
107 19  
107 155  
107 83  
107 155  
107 19  
107 4  
107 93  
107 94  
107 5  
107 112  
107 19  
107 93  
107 19  
107 100  
107 50  
107 128  
107 85  
107 89  
107 121  
107 5  
107 5  
107 4  
107 50  
107 27  
107 2  
107 19  
107 4  
107 93  
107 94  
107 5  
107 112  
107 19  
107 93  
107 100  
107 50  
107 128  
107 89  
107 121  
107 5  
107 5  
107 5  
107 93  
107 50  
107 112  
107 4  
107 2  
107 5  
107 4  
107 50  
107 27  
107 2  
107 2  
107 11  
107 112  
107 1  
107 5  
119 19  
119 105  
107 5  
119 104  
119 104  
107 5  
119 106  
119 105  
107 5  
119 104  
119 104  
119 106  
119 105  
119 104  
119 104  
119 106  
119 5  
119 4  
119 4  
119 5  
119 5  
119 40  
119 40  
119 4  
119 38  
119 4  
119 50  
119 4  
119 18  
119 2  
119 18  
119 2  
119 18  
119 2  
119 5  
119 18  
119 2  
119 1  
119 105  
119 104  
119 104  
119 106  
119 112  
119 19  
119 19  
119 105  
119 104  
119 104  
119 106  
119 78  
119 112  
119 105  
119 104  
119 104  
119 106  
119 78  
119 93  
119 101  
119 101  
119 100  
119 102  
144 105  
144 104  
119 105  
144 104  
144 106  
119 104  
144 4  
144 27  
119 104  
144 88  
119 106  
144 167  
144 167  
119 93  
144 5  
144 112  
119 88  
144 4  
144 5  
119 112  
144 5  
144 5  
119 19  
144 5  
144 5  
119 128  
119 6  
119 6  
119 18  
119 2  
119 95  
119 5  
119 5  
119 5  
119 5  
119 5  
282 4  
282 2  
282 66  
282 66  
282 4  
282 138  
282 66  
282 5  
282 23  
282 45  
282 4  
282 27  
282 66  
282 5  
282 4  
282 2  
282 66  
282 66  
282 5  
282 5  
282 85  
282 5  
282 5  
282 5  
282 5  
282 5  
282 5  
282 5  
282 5  
282 5  
282 5  
282 5  
282 5  
282 5  
282 5  
282 5  
282 5  
282 5  
282 5  
282 5  
282 5  
282 5  
282 5  
282 5  
282 5  
282 5  
282 5  
282 5  
282 5  
282 5  
282 5  
282 5  
282 5  
282 5  
282 5  
282 5  
282 5  
282 5  
282 5  
282 5  
282 5  
282 5  
282 5  
282 5  
282 5  
282 5  
282 5  
282 5  
282 5  
282 5  
282 5  
282 5  
282 5  
282 5  
282 5  
282 5  
282 5  
282 5  
282 5  
282 5  
282 5  
282 5  
282 4  
282 59  
282 105  
282 104  
282 104  
282 106  
282 105  
282 104  
282 104  
282 106  
282 105  
282 104  
282 104  
282 106  
282 105  
282 104  
282 104  
282 106  
282 105  
282 104  
282 104  
282 106  
282 105  
282 104  
282 104  
282 106  
282 56  
282 19  
282 155  
282 83  
282 155  
282 19  
282 4  
282 93  
282 94  
282 5  
282 112  
282 19  
282 93  
282 19  
282 100  
282 50  
282 128  
282 85  
282 89  
282 121  
282 5  
282 5  
282 4  
282 50  
282 27  
282 2  
282 19  
282 4  
282 93  
282 94  
282 5  
282 112  
282 19  
282 93  
282 100  
282 50  
282 128  
282 89  
282 121  
282 5  
282 5  
282 5  
282 93  
282 50  
282 112  
282 4  
282 2  
282 5  
282 4  
282 50  
282 27  
282 2  
282 2  
282 11  
282 112  
282 1  
282 5  
282 5  
282 5  
282 5  
283 19  
283 105  
283 104  
283 104  
283 106  
283 105  
283 104  
283 104  
283 106  
283 105  
283 104  
283 104  
283 106  
283 5  
283 4  
283 4  
283 5  
283 5  
283 40  
283 40  
283 4  
283 50  
283 5  
283 38  
283 4  
283 50  
283 4  
283 18  
283 2  
283 18  
283 2  
283 18  
283 2  
283 5  
283 18  
283 2  
283 1  
283 105  
283 104  
283 104  
283 106  
283 112  
283 19  
283 19  
283 105  
283 104  
283 104  
283 106  
283 78  
283 112  
283 105  
283 104  
283 104  
283 106  
283 78  
283 93  
283 101  
283 101  
283 100  
283 102  
283 105  
283 104  
283 104  
283 106  
283 93  
283 88  
283 112  
283 19  
283 128  
283 18  
283 2  
283 95  
284 105  
284 104  
284 104  
284 106  
284 4  
284 27  
284 88  
284 167  
284 167  
284 5  
284 112  
284 4  
284 5  
284 5  
284 5  
284 5  
284 5  
283 6  
283 6  
283 95  
283 1  
283 5  
283 18  
283 2  
283 95  
299 105  
299 104  
299 104  
299 106  
299 105  
299 108  
299 112  
299 19  
299 19  
299 105  
299 104  
299 104  
299 106  
299 78  
299 112  
299 105  
299 104  
299 104  
299 106  
299 78  
299 19  
299 4  
299 93  
299 94  
299 5  
299 112  
299 19  
299 93  
299 100  
299 50  
299 128  
299 89  
299 121  
299 5  
299 5  
299 4  
299 50  
299 27  
299 2  
299 19  
299 4  
299 93  
299 94  
299 5  
299 112  
299 19  
299 93  
299 100  
299 50  
299 128  
299 89  
299 121  
299 5  
299 5  
299 5  
299 105  
299 104  
299 104  
299 106  
299 19  
299 105  
299 104  
299 104  
299 106  
299 78  
299 112  
299 105  
299 104  
299 104  
299 106  
299 105  
299 106  
299 19  
299 105  
299 104  
299 104  
299 106  
299 5  
299 85  
299 112  
299 19  
299 19  
299 32  
299 32  
299 7  
299 5  
299 8  
299 9  
299 8  
299 4  
299 14  
299 5  
299 40  
299 17  
299 4  
299 4  
299 27  
299 18  
299 2  
299 17  
299 112  
299 4  
299 2  
299 5  
299 112  
299 112  
299 50  
299 27  
299 3  
299 105  
299 108  
299 105  
299 108  
299 112  
299 19  
299 19  
299 105  
299 104  
299 104  
299 106  
299 78  
299 112  
299 105  
299 104  
299 104  
299 106  
299 78  
299 50  
299 27  
299 2  
299 105  
299 104  
299 104  
299 106  
299 19  
299 105  
299 104  
299 104  
299 106  
299 78  
299 112  
299 105  
299 104  
299 104  
299 106  
299 50  
299 27  
299 3  
299 105  
299 108  
299 105  
299 108  
299 112  
299 19  
299 19  
299 105  
299 104  
299 104  
299 106  
299 78  
299 112  
299 105  
299 104  
299 104  
299 106  
299 78  
299 2  
299 105  
299 104  
299 104  
299 106  
299 19  
299 105  
299 104  
299 104  
299 106  
299 78  
299 112  
299 105  
299 104  
299 104  
299 106  
299 112  
299 19  
299 112  
299 112  
299 112  
299 23  
299 105  
299 108  
299 112  
299 19  
299 19  
299 105  
299 104  
299 104  
299 106  
299 78  
299 112  
299 105  
299 104  
299 104  
299 106  
299 78  
299 19  
299 4  
299 93  
299 94  
299 5  
299 112  
299 19  
299 93  
299 100  
299 50  
299 128  
299 89  
299 121  
299 5  
299 5  
299 4  
299 50  
299 27  
299 2  
299 19  
299 4  
299 93  
299 94  
299 5  
299 112  
299 19  
299 93  
299 100  
299 50  
299 128  
299 89  
299 121  
299 5  
299 5  
299 5  
299 105  
299 104  
299 104  
299 106  
299 19  
299 105  
299 104  
299 104  
299 106  
299 78  
299 112  
299 105  
299 104  
299 104  
299 106  
299 105  
299 108  
299 112  
299 19  
299 19  
299 105  
299 104  
299 104  
299 106  
299 78  
299 112  
299 105  
299 104  
299 104  
299 106  
299 78  
299 19  
299 4  
299 93  
299 94  
299 5  
299 112  
299 19  
299 93  
299 100  
299 50  
299 128  
299 89  
299 121  
299 5  
299 5  
299 4  
299 50  
299 27  
299 2  
299 19  
299 4  
299 93  
299 94  
299 5  
299 112  
299 19  
299 93  
299 100  
299 50  
299 128  
299 89  
299 121  
299 5  
299 5  
299 5  
299 105  
299 104  
299 104  
299 106  
299 19  
299 105  
299 104  
299 104  
299 106  
299 78  
299 112  
299 105  
299 104  
299 104  
299 106  
299 23  
299 45  
299 105  
299 108  
299 112  
299 19  
299 19  
299 105  
299 104  
299 104  
299 106  
299 78  
299 112  
299 105  
299 104  
299 104  
299 106  
299 78  
299 19  
299 4  
299 93  
299 94  
299 5  
299 112  
299 19  
299 93  
299 100  
299 50  
299 128  
299 89  
299 121  
299 5  
299 5  
299 4  
299 50  
299 27  
299 2  
299 19  
299 4  
299 93  
299 94  
299 5  
299 112  
299 19  
299 93  
299 100  
299 50  
299 128  
299 89  
299 121  
299 5  
299 5  
299 5  
299 105  
299 104  
299 104  
299 106  
299 19  
299 105  
299 104  
299 104  
299 106  
299 78  
299 112  
299 105  
299 104  
299 104  
299 106  
299 3  
299 105  
299 108  
299 105  
299 108  
299 112  
299 19  
299 19  
299 105  
299 104  
299 104  
299 106  
299 78  
299 112  
299 105  
299 104  
299 104  
299 106  
299 78  
299 2  
299 105  
299 104  
299 104  
299 106  
299 19  
299 105  
299 104  
299 104  
299 106  
299 78  
299 112  
299 105  
299 104  
299 104  
299 106  
299 105  
299 108  
299 105  
299 108  
299 112  
299 19  
299 19  
299 105  
299 104  
299 104  
299 106  
299 78  
299 112  
299 105  
299 104  
299 104  
299 106  
299 78  
299 19  
299 4  
299 93  
299 94  
299 5  
299 112  
299 19  
299 93  
299 100  
299 50  
299 128  
299 89  
299 121  
299 5  
299 5  
299 4  
299 50  
299 27  
299 2  
299 19  
299 4  
299 93  
299 94  
299 5  
299 112  
299 19  
299 93  
299 100  
299 50  
299 128  
299 89  
299 121  
299 5  
299 5  
299 5  
299 105  
299 104  
299 104  
299 106  
299 19  
299 105  
299 104  
299 104  
299 106  
299 78  
299 112  
299 105  
299 104  
299 104  
299 106  
299 3  
299 105  
299 108  
299 105  
299 108  
299 112  
299 19  
299 19  
299 105  
299 104  
299 104  
299 106  
299 78  
299 112  
299 105  
299 104  
299 104  
299 106  
299 78  
299 2  
299 105  
299 104  
299 104  
299 106  
299 19  
299 105  
299 104  
299 104  
299 106  
299 78  
299 112  
299 105  
299 104  
299 104  
299 106  
299 4  
299 14  
299 3  
299 105  
299 108  
299 112  
299 19  
299 19  
299 105  
299 104  
299 104  
299 106  
299 78  
299 112  
299 105  
299 104  
299 104  
299 106  
299 78  
299 2  
299 105  
299 104  
299 104  
299 106  
299 19  
299 105  
299 104  
299 104  
299 106  
299 78  
299 112  
299 105  
299 104  
299 104  
299 106  
299 105  
299 108  
299 112  
299 19  
299 19  
299 105  
299 104  
299 104  
299 106  
299 78  
299 112  
299 105  
299 104  
299 104  
299 106  
299 78  
299 105  
299 104  
299 104  
299 106  
299 19  
299 105  
299 104  
299 104  
299 106  
299 78  
299 112  
299 105  
299 104  
299 104  
299 106  
299 105  
299 108  
299 112  
299 19  
299 19  
299 105  
299 104  
299 104  
299 106  
299 78  
299 112  
299 105  
299 104  
299 104  
299 106  
299 78  
299 105  
299 104  
299 104  
299 106  
299 19  
299 105  
299 104  
299 104  
299 106  
299 78  
299 112  
299 105  
299 104  
299 104  
299 106  
299 105  
299 108  
299 112  
299 19  
299 19  
299 105  
299 104  
299 104  
299 106  
299 78  
299 112  
299 105  
299 104  
299 104  
299 106  
299 78  
299 105  
299 104  
299 104  
299 106  
299 19  
299 105  
299 104  
299 104  
299 106  
299 78  
299 112  
299 105  
299 104  
299 104  
299 106  
299 105  
299 108  
299 112  
299 19  
299 19  
299 105  
299 104  
299 104  
299 106  
299 78  
299 112  
299 105  
299 104  
299 104  
299 106  
299 78  
299 105  
299 104  
299 104  
299 106  
299 19  
299 105  
299 104  
299 104  
299 106  
299 78  
299 112  
299 105  
299 104  
299 104  
299 106  
299 105  
299 108  
299 112  
299 19  
299 19  
299 105  
299 104  
299 104  
299 106  
299 78  
299 112  
299 105  
299 104  
299 104  
299 106  
299 78  
299 105  
299 104  
299 104  
299 106  
299 19  
299 105  
299 104  
299 104  
299 106  
299 78  
299 112  
299 105  
299 104  
299 104  
299 106  
299 105  
299 108  
299 112  
299 19  
299 19  
299 105  
299 104  
299 104  
299 106  
299 78  
299 112  
299 105  
299 104  
299 104  
299 106  
299 78  
299 105  
299 104  
299 104  
299 106  
299 19  
299 105  
299 104  
299 104  
299 106  
299 78  
299 112  
299 105  
299 104  
299 104  
299 106  
299 105  
299 108  
299 112  
299 19  
299 19  
299 105  
299 104  
299 104  
299 106  
299 78  
299 112  
299 105  
299 104  
299 104  
299 106  
299 78  
299 105  
299 104  
299 104  
299 106  
299 19  
299 105  
299 104  
299 104  
299 106  
299 78  
299 112  
299 105  
299 104  
299 104  
299 106  
299 105  
299 108  
299 112  
299 19  
299 19  
299 105  
299 104  
299 104  
299 106  
299 78  
299 112  
299 105  
299 104  
299 104  
299 106  
299 78  
299 105  
299 104  
299 104  
299 106  
299 19  
299 105  
299 104  
299 104  
299 106  
299 78  
299 112  
299 105  
299 104  
299 104  
299 106  
299 50  
299 27  
299 105  
299 108  
299 112  
299 19  
299 19  
299 105  
299 104  
299 104  
299 106  
299 78  
299 112  
299 105  
299 104  
299 104  
299 106  
299 78  
299 105  
299 104  
299 104  
299 106  
299 19  
299 105  
299 104  
299 104  
299 106  
299 78  
299 112  
299 105  
299 104  
299 104  
299 106  
299 105  
299 108  
299 112  
299 19  
299 19  
299 105  
299 104  
299 104  
299 106  
299 78  
299 112  
299 105  
299 104  
299 104  
299 106  
299 78  
299 105  
299 104  
299 104  
299 106  
299 19  
299 105  
299 104  
299 104  
299 106  
299 78  
299 112  
299 105  
299 104  
299 104  
299 106  
299 105  
299 108  
299 112  
299 19  
299 19  
299 105  
299 104  
299 104  
299 106  
299 78  
299 112  
299 105  
299 104  
299 104  
299 106  
299 78  
299 105  
299 104  
299 104  
299 106  
299 19  
299 105  
299 104  
299 104  
299 106  
299 78  
299 112  
299 105  
299 104  
299 104  
299 106  
299 105  
299 108  
299 112  
299 19  
299 19  
299 105  
299 104  
299 104  
299 106  
299 78  
299 112  
299 105  
299 104  
299 104  
299 106  
299 78  
299 2  
299 105  
299 104  
299 104  
299 106  
299 19  
299 105  
299 104  
299 104  
299 106  
299 78  
299 112  
299 105  
299 104  
299 104  
299 106  
299 3  
299 5  
299 112  
299 19  
299 128  
299 112  
299 19  
299 128  
299 4  
299 3  
299 105  
299 108  
299 112  
299 19  
299 19  
299 105  
299 104  
299 104  
299 106  
299 78  
299 112  
299 105  
299 104  
299 104  
299 106  
299 78  
299 2  
299 105  
299 104  
299 104  
299 106  
299 19  
299 105  
299 104  
299 104  
299 106  
299 78  
299 112  
299 105  
299 104  
299 104  
299 106  
299 3  
299 5  
299 5  
299 3  
299 5  
299 4  
299 4  
299 14  
299 50  
299 27  
299 3  
299 5  
299 9  
299 124  
299 1  
299 112  
299 4  
299 5  
299 5  
299 5  
299 5  
299 5  
299 5  
299 5  
283 6  
283 6  
283 95  
300 1  
300 5  
300 5  
300 5  
300 5  
300 5  
300 5  
300 5  
301 105  
301 104  
301 104  
301 106  
301 105  
301 104  
301 104  
301 106  
301 105  
301 104  
301 104  
301 106  
301 5  
301 4  
301 5  
301 5  
301 40  
301 40  
301 105  
301 108  
301 112  
301 19  
301 19  
301 105  
301 104  
301 104  
301 106  
301 78  
301 112  
301 105  
301 104  
301 104  
301 106  
301 78  
301 19  
301 4  
301 93  
301 94  
301 5  
301 112  
301 19  
301 93  
301 100  
301 50  
301 128  
301 89  
301 121  
301 5  
301 5  
301 4  
301 50  
301 27  
301 2  
301 19  
301 4  
301 93  
301 94  
301 5  
301 112  
301 19  
301 93  
301 100  
301 50  
301 128  
301 89  
301 121  
301 5  
301 5  
301 5  
301 105  
301 104  
301 104  
301 106  
301 19  
301 105  
301 104  
301 104  
301 106  
301 78  
301 112  
301 105  
301 104  
301 104  
301 106  
301 41  
301 105  
301 104  
301 104  
301 106  
301 61  
301 5  
301 50  
301 27  
301 105  
301 108  
301 112  
301 19  
301 19  
301 105  
301 104  
301 104  
301 106  
301 78  
301 112  
301 105  
301 104  
301 104  
301 106  
301 78  
301 19  
301 4  
301 93  
301 94  
301 5  
301 112  
301 19  
301 93  
301 100  
301 50  
301 128  
301 89  
301 121  
301 5  
301 5  
301 4  
301 50  
301 27  
301 2  
301 19  
301 4  
301 93  
301 94  
301 5  
301 112  
301 19  
301 93  
301 100  
301 50  
301 128  
301 89  
301 121  
301 5  
301 5  
301 5  
301 105  
301 104  
301 104  
301 106  
301 19  
301 105  
301 104  
301 104  
301 106  
301 78  
301 112  
301 105  
301 104  
301 104  
301 106  
301 105  
301 108  
301 112  
301 19  
301 19  
301 105  
301 104  
301 104  
301 106  
301 78  
301 112  
301 105  
301 104  
301 104  
301 106  
301 78  
301 19  
301 4  
301 93  
301 94  
301 5  
301 112  
301 19  
301 93  
301 100  
301 50  
301 128  
301 89  
301 121  
301 5  
301 5  
301 4  
301 50  
301 27  
301 2  
301 19  
301 4  
301 93  
301 94  
301 5  
301 112  
301 19  
301 93  
301 100  
301 50  
301 128  
301 89  
301 121  
301 5  
301 5  
301 5  
301 105  
301 104  
301 104  
301 106  
301 19  
301 105  
301 104  
301 104  
301 106  
301 78  
301 112  
301 105  
301 104  
301 104  
301 106  
301 18  
301 50  
301 27  
301 2  
301 2  
301 3  
301 5  
301 6  
301 6  
301 112  
301 112  
301 19  
301 128  
301 9  
301 9  
301 5  
301 9  
301 9  
301 5  
301 112  
301 4  
301 5  
301 5  
301 5  
301 5  
301 5  
283 5  
283 5  
283 5  
283 5  
283 5  
316 4  
316 2  
316 66  
316 66  
316 4  
316 138  
316 66  
316 5  
316 23  
316 45  
316 4  
316 27  
316 66  
316 5  
316 4  
316 2  
316 66  
316 66  
316 5  
316 5  
316 85  
316 5  
316 5  
316 5  
316 5  
316 5  
316 5  
316 5  
316 5  
316 5  
316 5  
316 5  
316 5  
316 5  
316 5  
316 5  
316 5  
316 5  
316 5  
316 5  
316 5  
316 5  
316 5  
316 5  
316 5  
316 5  
316 5  
316 5  
316 5  
316 5  
316 5  
316 5  
316 5  
316 5  
316 5  
316 5  
316 5  
316 5  
316 5  
316 5  
316 5  
316 5  
316 5  
316 5  
316 5  
316 5  
316 5  
316 5  
316 5  
316 5  
316 5  
316 5  
316 5  
316 5  
316 5  
316 5  
316 5  
316 5  
316 5  
316 5  
316 5  
316 5  
316 4  
316 59  
316 105  
316 104  
316 104  
316 106  
316 105  
316 104  
316 104  
316 106  
316 105  
316 104  
316 104  
316 106  
316 105  
316 104  
316 104  
316 106  
316 105  
316 104  
316 104  
316 106  
316 105  
316 104  
316 104  
316 106  
316 56  
316 19  
316 155  
316 83  
316 155  
316 19  
316 4  
316 93  
316 94  
316 5  
316 112  
316 19  
316 93  
316 19  
316 100  
316 50  
316 128  
316 85  
316 89  
316 121  
316 5  
316 5  
316 4  
316 50  
316 27  
316 2  
316 19  
316 4  
316 93  
316 94  
316 5  
316 112  
316 19  
316 93  
316 100  
316 50  
316 128  
316 89  
316 121  
316 5  
316 5  
316 5  
316 93  
316 50  
316 112  
316 4  
316 2  
316 5  
316 4  
316 50  
316 27  
316 2  
316 2  
316 11  
316 112  
316 1  
316 5  
316 5  
316 5  
316 5  
317 19  
317 105  
317 104  
317 104  
317 106  
317 105  
317 104  
317 104  
317 106  
317 105  
317 104  
317 104  
317 106  
317 5  
317 4  
317 4  
317 5  
317 5  
317 40  
317 40  
317 4  
317 50  
317 5  
317 38  
317 4  
317 50  
317 4  
317 18  
317 2  
317 18  
317 2  
317 18  
317 2  
317 5  
317 18  
317 2  
317 1  
317 105  
317 104  
317 104  
317 106  
317 112  
317 19  
317 19  
317 105  
317 104  
317 104  
317 106  
317 78  
317 112  
317 105  
317 104  
317 104  
317 106  
317 78  
317 93  
317 101  
318 105  
317 101  
318 104  
318 104  
317 100  
318 106  
318 4  
317 102  
318 27  
317 105  
318 88  
318 167  
317 104  
318 167  
318 5  
317 104  
318 112  
318 4  
317 106  
318 5  
318 5  
317 93  
318 5  
318 5  
317 88  
318 5  
317 112  
317 6  
317 6  
317 19  
317 128  
317 18  
317 2  
317 95  
317 1  
317 5  
317 18  
317 2  
317 95  
321 105  
321 104  
321 104  
321 106  
321 105  
321 108  
321 112  
321 19  
321 19  
321 105  
321 104  
321 104  
321 106  
321 78  
321 112  
321 105  
321 104  
321 104  
321 106  
321 78  
321 19  
321 4  
321 93  
321 94  
321 5  
321 112  
321 19  
321 93  
321 100  
321 50  
321 128  
321 89  
321 121  
321 5  
321 5  
321 4  
321 50  
321 27  
321 2  
321 19  
321 4  
321 93  
321 94  
321 5  
321 112  
321 19  
321 93  
321 100  
321 50  
321 128  
321 89  
321 121  
321 5  
321 5  
321 5  
321 105  
321 104  
321 104  
321 106  
321 19  
321 105  
321 104  
321 104  
321 106  
321 78  
321 112  
321 105  
321 104  
321 104  
321 106  
321 105  
321 106  
321 19  
321 105  
321 104  
321 104  
321 106  
321 5  
321 85  
321 112  
321 19  
321 19  
321 32  
321 32  
321 7  
321 5  
321 8  
321 9  
321 8  
321 4  
321 14  
321 5  
321 40  
321 17  
321 4  
321 4  
321 27  
321 18  
321 2  
321 17  
321 112  
321 4  
321 2  
321 5  
321 112  
321 112  
321 50  
321 27  
321 3  
321 105  
321 108  
321 105  
321 108  
321 112  
321 19  
321 19  
321 105  
321 104  
321 104  
321 106  
321 78  
321 112  
321 105  
321 104  
321 104  
321 106  
321 78  
321 50  
321 27  
321 2  
321 105  
321 104  
321 104  
321 106  
321 19  
321 105  
321 104  
321 104  
321 106  
321 78  
321 112  
321 105  
321 104  
321 104  
321 106  
321 50  
321 27  
321 3  
321 105  
321 108  
321 105  
321 108  
321 112  
321 19  
321 19  
321 105  
321 104  
321 104  
321 106  
321 78  
321 112  
321 105  
321 104  
321 104  
321 106  
321 78  
321 2  
321 105  
321 104  
321 104  
321 106  
321 19  
321 105  
321 104  
321 104  
321 106  
321 78  
321 112  
321 105  
321 104  
321 104  
321 106  
321 112  
321 19  
321 112  
321 112  
321 112  
321 23  
321 105  
321 108  
321 112  
321 19  
321 19  
321 105  
321 104  
321 104  
321 106  
321 78  
321 112  
321 105  
321 104  
321 104  
321 106  
321 78  
321 19  
321 4  
321 93  
321 94  
321 5  
321 112  
321 19  
321 93  
321 100  
321 50  
321 128  
321 89  
321 121  
321 5  
321 5  
321 4  
321 50  
321 27  
321 2  
321 19  
321 4  
321 93  
321 94  
321 5  
321 112  
321 19  
321 93  
321 100  
321 50  
321 128  
321 89  
321 121  
321 5  
321 5  
321 5  
321 105  
321 104  
321 104  
321 106  
321 19  
321 105  
321 104  
321 104  
321 106  
321 78  
321 112  
321 105  
321 104  
321 104  
321 106  
321 105  
321 108  
321 112  
321 19  
321 19  
321 105  
321 104  
321 104  
321 106  
321 78  
321 112  
321 105  
321 104  
321 104  
321 106  
321 78  
321 19  
321 4  
321 93  
321 94  
321 5  
321 112  
321 19  
321 93  
321 100  
321 50  
321 128  
321 89  
321 121  
321 5  
321 5  
321 4  
321 50  
321 27  
321 2  
321 19  
321 4  
321 93  
321 94  
321 5  
321 112  
321 19  
321 93  
321 100  
321 50  
321 128  
321 89  
321 121  
321 5  
321 5  
321 5  
321 105  
321 104  
321 104  
321 106  
321 19  
321 105  
321 104  
321 104  
321 106  
321 78  
321 112  
321 105  
321 104  
321 104  
321 106  
321 23  
321 45  
321 105  
321 108  
321 112  
321 19  
321 19  
321 105  
321 104  
321 104  
321 106  
321 78  
321 112  
321 105  
321 104  
321 104  
321 106  
321 78  
321 19  
321 4  
321 93  
321 94  
321 5  
321 112  
321 19  
321 93  
321 100  
321 50  
321 128  
321 89  
321 121  
321 5  
321 5  
321 4  
321 50  
321 27  
321 2  
321 19  
321 4  
321 93  
321 94  
321 5  
321 112  
321 19  
321 93  
321 100  
321 50  
321 128  
321 89  
321 121  
321 5  
321 5  
321 5  
321 105  
321 104  
321 104  
321 106  
321 19  
321 105  
321 104  
321 104  
321 106  
321 78  
321 112  
321 105  
321 104  
321 104  
321 106  
321 3  
321 105  
321 108  
321 105  
321 108  
321 112  
321 19  
321 19  
321 105  
321 104  
321 104  
321 106  
321 78  
321 112  
321 105  
321 104  
321 104  
321 106  
321 78  
321 2  
321 105  
321 104  
321 104  
321 106  
321 19  
321 105  
321 104  
321 104  
321 106  
321 78  
321 112  
321 105  
321 104  
321 104  
321 106  
321 105  
321 108  
321 105  
321 108  
321 112  
321 19  
321 19  
321 105  
321 104  
321 104  
321 106  
321 78  
321 112  
321 105  
321 104  
321 104  
321 106  
321 78  
321 19  
321 4  
321 93  
321 94  
321 5  
321 112  
321 19  
321 93  
321 100  
321 50  
321 128  
321 89  
321 121  
321 5  
321 5  
321 4  
321 50  
321 27  
321 2  
321 19  
321 4  
321 93  
321 94  
321 5  
321 112  
321 19  
321 93  
321 100  
321 50  
321 128  
321 89  
321 121  
321 5  
321 5  
321 5  
321 105  
321 104  
321 104  
321 106  
321 19  
321 105  
321 104  
321 104  
321 106  
321 78  
321 112  
321 105  
321 104  
321 104  
321 106  
321 3  
321 105  
321 108  
321 105  
321 108  
321 112  
321 19  
321 19  
321 105  
321 104  
321 104  
321 106  
321 78  
321 112  
321 105  
321 104  
321 104  
321 106  
321 78  
321 2  
321 105  
321 104  
321 104  
321 106  
321 19  
321 105  
321 104  
321 104  
321 106  
321 78  
321 112  
321 105  
321 104  
321 104  
321 106  
321 4  
321 14  
321 3  
321 105  
321 108  
321 112  
321 19  
321 19  
321 105  
321 104  
321 104  
321 106  
321 78  
321 112  
321 105  
321 104  
321 104  
321 106  
321 78  
321 2  
321 105  
321 104  
321 104  
321 106  
321 19  
321 105  
321 104  
321 104  
321 106  
321 78  
321 112  
321 105  
321 104  
321 104  
321 106  
321 105  
321 108  
321 112  
321 19  
321 19  
321 105  
321 104  
321 104  
321 106  
321 78  
321 112  
321 105  
321 104  
321 104  
321 106  
321 78  
321 105  
321 104  
321 104  
321 106  
321 19  
321 105  
321 104  
321 104  
321 106  
321 78  
321 112  
321 105  
321 104  
321 104  
321 106  
321 105  
321 108  
321 112  
321 19  
321 19  
321 105  
321 104  
321 104  
321 106  
321 78  
321 112  
321 105  
321 104  
321 104  
321 106  
321 78  
321 105  
321 104  
321 104  
321 106  
321 19  
321 105  
321 104  
321 104  
321 106  
321 78  
321 112  
321 105  
321 104  
321 104  
321 106  
321 105  
321 108  
321 112  
321 19  
321 19  
321 105  
321 104  
321 104  
321 106  
321 78  
321 112  
321 105  
321 104  
321 104  
321 106  
321 78  
321 105  
321 104  
321 104  
321 106  
321 19  
321 105  
321 104  
321 104  
321 106  
321 78  
321 112  
321 105  
321 104  
321 104  
321 106  
321 105  
321 108  
321 112  
321 19  
321 19  
321 105  
321 104  
321 104  
321 106  
321 78  
321 112  
321 105  
321 104  
321 104  
321 106  
321 78  
321 105  
321 104  
321 104  
321 106  
321 19  
321 105  
321 104  
321 104  
321 106  
321 78  
321 112  
321 105  
321 104  
321 104  
321 106  
321 105  
321 108  
321 112  
321 19  
321 19  
321 105  
321 104  
321 104  
321 106  
321 78  
321 112  
321 105  
321 104  
321 104  
321 106  
321 78  
321 105  
321 104  
321 104  
321 106  
321 19  
321 105  
321 104  
321 104  
321 106  
321 78  
321 112  
321 105  
321 104  
321 104  
321 106  
321 105  
321 108  
321 112  
321 19  
321 19  
321 105  
321 104  
321 104  
321 106  
321 78  
321 112  
321 105  
321 104  
321 104  
321 106  
321 78  
321 105  
321 104  
321 104  
321 106  
321 19  
321 105  
321 104  
321 104  
321 106  
321 78  
321 112  
321 105  
321 104  
321 104  
321 106  
321 105  
321 108  
321 112  
321 19  
321 19  
321 105  
321 104  
321 104  
321 106  
321 78  
321 112  
321 105  
321 104  
321 104  
321 106  
321 78  
321 105  
321 104  
321 104  
321 106  
321 19  
321 105  
321 104  
321 104  
321 106  
321 78  
321 112  
321 105  
321 104  
321 104  
321 106  
321 105  
321 108  
321 112  
321 19  
321 19  
321 105  
321 104  
321 104  
321 106  
321 78  
321 112  
321 105  
321 104  
321 104  
321 106  
321 78  
321 105  
321 104  
321 104  
321 106  
321 19  
321 105  
321 104  
321 104  
321 106  
321 78  
321 112  
321 105  
321 104  
321 104  
321 106  
321 50  
321 27  
321 105  
321 108  
321 112  
321 19  
321 19  
321 105  
321 104  
321 104  
321 106  
321 78  
321 112  
321 105  
321 104  
321 104  
321 106  
321 78  
321 105  
321 104  
321 104  
321 106  
321 19  
321 105  
321 104  
321 104  
321 106  
321 78  
321 112  
321 105  
321 104  
321 104  
321 106  
321 105  
321 108  
321 112  
321 19  
321 19  
321 105  
321 104  
321 104  
321 106  
321 78  
321 112  
321 105  
321 104  
321 104  
321 106  
321 78  
321 105  
321 104  
321 104  
321 106  
321 19  
321 105  
321 104  
321 104  
321 106  
321 78  
321 112  
321 105  
321 104  
321 104  
321 106  
321 105  
321 108  
321 112  
321 19  
321 19  
321 105  
321 104  
321 104  
321 106  
321 78  
321 112  
321 105  
321 104  
321 104  
321 106  
321 78  
321 105  
321 104  
321 104  
321 106  
321 19  
321 105  
321 104  
321 104  
321 106  
321 78  
321 112  
321 105  
321 104  
321 104  
321 106  
321 105  
321 108  
321 112  
321 19  
321 19  
321 105  
321 104  
321 104  
321 106  
321 78  
321 112  
321 105  
321 104  
321 104  
321 106  
321 78  
321 2  
321 105  
321 104  
321 104  
321 106  
321 19  
321 105  
321 104  
321 104  
321 106  
321 78  
321 112  
321 105  
321 104  
321 104  
321 106  
321 3  
321 5  
321 112  
321 19  
321 128  
321 112  
321 19  
321 128  
321 4  
321 3  
321 105  
321 108  
321 112  
321 19  
321 19  
321 105  
321 104  
321 104  
321 106  
321 78  
321 112  
321 105  
321 104  
321 104  
321 106  
321 78  
321 2  
321 105  
321 104  
321 104  
321 106  
321 19  
321 105  
321 104  
321 104  
321 106  
321 78  
321 112  
321 105  
321 104  
321 104  
321 106  
321 3  
321 5  
321 5  
321 3  
321 5  
321 4  
321 4  
321 14  
321 50  
321 27  
321 3  
321 5  
321 9  
321 124  
321 1  
321 112  
321 4  
321 5  
321 5  
321 5  
321 5  
321 5  
321 5  
321 5  
317 6  
317 6  
317 95  
322 1  
322 5  
322 5  
322 5  
322 5  
322 5  
322 5  
322 5  
323 105  
323 104  
323 104  
323 106  
323 105  
323 104  
323 104  
323 106  
323 105  
323 104  
323 104  
323 106  
323 5  
323 4  
323 5  
323 5  
323 40  
323 40  
323 105  
323 108  
323 112  
323 19  
323 19  
323 105  
323 104  
323 104  
323 106  
323 78  
323 112  
323 105  
323 104  
323 104  
323 106  
323 78  
323 19  
323 4  
323 93  
323 94  
323 5  
323 112  
323 19  
323 93  
323 100  
323 50  
323 128  
323 89  
323 121  
323 5  
323 5  
323 4  
323 50  
323 27  
323 2  
323 19  
323 4  
323 93  
323 94  
323 5  
323 112  
323 19  
323 93  
323 100  
323 50  
323 128  
323 89  
323 121  
323 5  
323 5  
323 5  
323 105  
323 104  
323 104  
323 106  
323 19  
323 105  
323 104  
323 104  
323 106  
323 78  
323 112  
323 105  
323 104  
323 104  
323 106  
323 41  
323 105  
323 104  
323 104  
323 106  
323 61  
323 5  
323 50  
323 27  
323 105  
323 108  
323 112  
323 19  
323 19  
323 105  
323 104  
323 104  
323 106  
323 78  
323 112  
323 105  
323 104  
323 104  
323 106  
323 78  
323 19  
323 4  
323 93  
323 94  
323 5  
323 112  
323 19  
323 93  
323 100  
323 50  
323 128  
323 89  
323 121  
323 5  
323 5  
323 4  
323 50  
323 27  
323 2  
323 19  
323 4  
323 93  
323 94  
323 5  
323 112  
323 19  
323 93  
323 100  
323 50  
323 128  
323 89  
323 121  
323 5  
323 5  
323 5  
323 105  
323 104  
323 104  
323 106  
323 19  
323 105  
323 104  
323 104  
323 106  
323 78  
323 112  
323 105  
323 104  
323 104  
323 106  
323 105  
323 108  
323 112  
323 19  
323 19  
323 105  
323 104  
323 104  
323 106  
323 78  
323 112  
323 105  
323 104  
323 104  
323 106  
323 78  
323 19  
323 4  
323 93  
323 94  
323 5  
323 112  
323 19  
323 93  
323 100  
323 50  
323 128  
323 89  
323 121  
323 5  
323 5  
323 4  
323 50  
323 27  
323 2  
323 19  
323 4  
323 93  
323 94  
323 5  
323 112  
323 19  
323 93  
323 100  
323 50  
323 128  
323 89  
323 121  
323 5  
323 5  
323 5  
323 105  
323 104  
323 104  
323 106  
323 19  
323 105  
323 104  
323 104  
323 106  
323 78  
323 112  
323 105  
323 104  
323 104  
323 106  
323 18  
323 50  
323 27  
323 2  
323 2  
323 3  
323 5  
323 6  
323 6  
323 112  
323 112  
323 19  
323 128  
323 9  
323 9  
323 5  
323 9  
323 9  
323 5  
323 112  
323 4  
323 5  
323 5  
323 5  
323 5  
323 5  
317 5  
317 5  
317 5  
317 5  
317 5  
10765 4  
10765 2  
10765 66  
10765 66  
10765 4  
10765 138  
10765 66  
10765 5  
10765 23  
10765 45  
10765 4  
10765 27  
10765 66  
10765 5  
10765 4  
10765 2  
10765 66  
10765 66  
10765 5  
10765 5  
10765 85  
10765 5  
10765 5  
10765 5  
10765 5  
10765 5  
10765 5  
10765 5  
10765 5  
10765 5  
10765 5  
10765 5  
10765 5  
10765 5  
10765 5  
10765 5  
10765 5  
10765 5  
10765 5  
10765 5  
10765 5  
10765 5  
10765 5  
10765 5  
10765 5  
10765 5  
10765 5  
10765 5  
10765 5  
10765 5  
10765 5  
10765 5  
10765 5  
10765 5  
10765 5  
10765 5  
10765 5  
10765 5  
10765 5  
10765 5  
10765 5  
10765 5  
10765 5  
10765 5  
10765 5  
10765 5  
10765 5  
10765 5  
10765 5  
10765 5  
10765 5  
10765 5  
10765 5  
10765 5  
10765 5  
10765 5  
10765 5  
10765 5  
10765 5  
10765 5  
10765 5  
10765 5  
10765 4  
10765 59  
10765 105  
10765 104  
10765 104  
10765 106  
10765 105  
10765 104  
10765 104  
10765 106  
10765 105  
10765 104  
10765 104  
10765 106  
10765 105  
10765 104  
10765 104  
10765 106  
10765 105  
10765 104  
10765 104  
10765 106  
10765 105  
10765 104  
10765 104  
10765 106  
10765 56  
10765 19  
10765 155  
10765 83  
10765 155  
10765 19  
10765 4  
10765 93  
10765 94  
10765 5  
10765 112  
10765 19  
10765 93  
10765 19  
10765 100  
10765 50  
10765 128  
10765 85  
10765 89  
10765 121  
10765 5  
10765 5  
10765 4  
10765 50  
10765 27  
10765 2  
10765 19  
10765 4  
10765 93  
10765 94  
10765 5  
10765 112  
10765 19  
10765 93  
10765 100  
10765 50  
10765 128  
10765 89  
10765 121  
10765 5  
10765 5  
10765 5  
10765 93  
10765 50  
10765 112  
10765 4  
10765 2  
10765 5  
10765 23  
10765 4  
10765 50  
10765 27  
10765 2  
10765 2  
10765 11  
10765 17  
10765 4  
10765 4  
10765 27  
10765 18  
10765 2  
10765 17  
10765 112  
10765 19  
10765 19  
10765 32  
10765 32  
10765 7  
10765 5  
10765 8  
10765 9  
10765 8  
10765 4  
10765 14  
10765 112  
10765 19  
10765 112  
10765 4  
10765 2  
10765 5  
10765 112  
10765 112  
10765 50  
10765 50  
10765 27  
10765 4  
10765 27  
10765 88  
10765 167  
10765 17  
10765 5  
10765 4  
10765 50  
10765 27  
10765 2  
10765 5  
10765 4  
10765 18  
10765 2  
10765 5  
10765 4  
10765 50  
10765 27  
10765 2  
10765 5  
10765 23  
10765 50  
10765 27  
10765 50  
10765 3  
10765 93  
10765 88  
10765 112  
10765 19  
10765 128  
10765 3  
10765 112  
10765 19  
10765 128  
10765 3  
10765 112  
10765 19  
10765 128  
10765 23  
10765 45  
10765 3  
10765 112  
10765 19  
10765 128  
10765 3  
10765 4  
10765 14  
10765 50  
10765 27  
10765 2  
10765 50  
10765 27  
10765 2  
10765 3  
10765 5  
10765 112  
10765 19  
10765 128  
10765 112  
10765 19  
10765 128  
10765 4  
10765 3  
10765 3  
10765 112  
10765 19  
10765 128  
10765 112  
10765 3  
10765 19  
10765 32  
10765 32  
10765 7  
10765 5  
10765 8  
10765 9  
10765 8  
10765 4  
10765 14  
10765 3  
10765 112  
10765 19  
10765 128  
10765 3  
10765 3  
10765 112  
10765 19  
10765 128  
10765 4  
10765 18  
10765 50  
10765 27  
10765 105  
10765 108  
10765 112  
10765 19  
10765 19  
10765 105  
10765 104  
10765 104  
10765 106  
10765 78  
10765 112  
10765 105  
10765 104  
10765 104  
10765 106  
10765 78  
10765 19  
10765 4  
10765 93  
10765 94  
10765 5  
10765 112  
10765 19  
10765 93  
10765 100  
10765 50  
10765 128  
10765 89  
10765 121  
10765 5  
10765 5  
10765 4  
10765 50  
10765 27  
10765 2  
10765 19  
10765 4  
10765 93  
10765 94  
10765 5  
10765 112  
10765 19  
10765 93  
10765 100  
10765 50  
10765 128  
10765 89  
10765 121  
10765 5  
10765 5  
10765 5  
10765 105  
10765 104  
10765 104  
10765 106  
10765 19  
10765 105  
10765 104  
10765 104  
10765 106  
10765 78  
10765 112  
10765 105  
10765 104  
10765 104  
10765 106  
10765 18  
10765 50  
10765 27  
10765 2  
10765 2  
10765 3  
10765 3  
10765 5  
10765 9  
10765 9  
10765 3  
10765 5  
10765 9  
10765 9  
10765 5  
10765 112  
10765 4  
10765 5  
10765 5  
10765 5  
10765 5  
10765 5  
10803 4  
10803 2  
10803 66  
10803 66  
10803 4  
10803 138  
10803 66  
10803 5  
10803 23  
10803 45  
10803 4  
10803 27  
10803 66  
10803 5  
10803 4  
10803 2  
10803 66  
10803 66  
10803 5  
10803 5  
10803 85  
10803 5  
10803 5  
10803 5  
10803 5  
10803 5  
10803 5  
10803 5  
10803 5  
10803 5  
10803 5  
10803 5  
10803 5  
10803 5  
10803 5  
10803 5  
10803 5  
10803 5  
10803 5  
10803 5  
10803 5  
10803 5  
10803 5  
10803 5  
10803 5  
10803 5  
10803 5  
10803 5  
10803 5  
10803 5  
10803 5  
10803 5  
10803 5  
10803 5  
10803 5  
10803 5  
10803 5  
10803 5  
10803 5  
10803 5  
10803 5  
10803 5  
10803 5  
10803 5  
10803 5  
10803 5  
10803 5  
10803 5  
10803 5  
10803 5  
10803 5  
10803 5  
10803 5  
10803 5  
10803 5  
10803 5  
10803 5  
10803 5  
10803 5  
10803 5  
10803 5  
10803 5  
10803 4  
10803 59  
10803 105  
10803 104  
10803 104  
10803 106  
10803 105  
10803 104  
10803 104  
10803 106  
10803 105  
10803 104  
10803 104  
10803 106  
10803 105  
10803 104  
10803 104  
10803 106  
10803 105  
10803 104  
10803 104  
10803 106  
10803 105  
10803 104  
10803 104  
10803 106  
10803 56  
10803 19  
10803 155  
10803 83  
10803 155  
10803 19  
10803 4  
10803 93  
10803 94  
10803 5  
10803 112  
10803 19  
10803 93  
10803 19  
10803 100  
10803 50  
10803 128  
10803 85  
10803 89  
10803 121  
10803 5  
10803 5  
10803 4  
10803 50  
10803 27  
10803 2  
10803 19  
10803 4  
10803 93  
10803 94  
10803 5  
10803 112  
10803 19  
10803 93  
10803 100  
10803 50  
10803 128  
10803 89  
10803 121  
10803 5  
10803 5  
10803 5  
10803 93  
10803 50  
10803 112  
10803 4  
10803 2  
10803 5  
10803 23  
10803 4  
10803 50  
10803 27  
10803 2  
10803 2  
10803 11  
10803 17  
10803 4  
10803 4  
10803 27  
10803 18  
10803 2  
10803 17  
10803 112  
10803 19  
10803 19  
10803 32  
10803 32  
10803 7  
10803 5  
10803 8  
10803 9  
10803 8  
10803 4  
10803 14  
10803 112  
10803 19  
10803 112  
10803 4  
10803 2  
10803 5  
10803 112  
10803 112  
10803 50  
10803 50  
10803 27  
10803 4  
10803 27  
10803 88  
10803 167  
10803 17  
10803 5  
10803 4  
10803 50  
10803 27  
10803 2  
10803 5  
10803 4  
10803 18  
10803 2  
10803 5  
10803 4  
10803 50  
10803 27  
10803 2  
10803 5  
10803 23  
10803 50  
10803 27  
10803 50  
10803 3  
10803 93  
10803 88  
10803 112  
10803 19  
10803 128  
10803 3  
10803 112  
10803 19  
10803 128  
10803 3  
10803 112  
10803 19  
10803 128  
10803 23  
10803 45  
10803 3  
10803 112  
10803 19  
10803 128  
10803 3  
10803 4  
10803 14  
10803 50  
10803 27  
10803 2  
10803 50  
10803 27  
10803 2  
10803 3  
10803 5  
10803 112  
10803 19  
10803 128  
10803 112  
10803 19  
10803 128  
10803 4  
10803 3  
10803 3  
10803 112  
10803 19  
10803 128  
10803 112  
10803 3  
10803 19  
10803 32  
10803 32  
10803 7  
10803 5  
10803 8  
10803 9  
10803 8  
10803 4  
10803 14  
10803 3  
10803 112  
10803 19  
10803 128  
10803 3  
10803 3  
10803 112  
10803 19  
10803 128  
10803 4  
10803 18  
10803 50  
10803 27  
10803 105  
10803 108  
10803 112  
10803 19  
10803 19  
10803 105  
10803 104  
10803 104  
10803 106  
10803 78  
10803 112  
10803 105  
10803 104  
10803 104  
10803 106  
10803 78  
10803 19  
10803 4  
10803 93  
10803 94  
10803 5  
10803 112  
10803 19  
10803 93  
10803 100  
10803 50  
10803 128  
10803 89  
10803 121  
10803 5  
10803 5  
10803 4  
10803 50  
10803 27  
10803 2  
10803 19  
10803 4  
10803 93  
10803 94  
10803 5  
10803 112  
10803 19  
10803 93  
10803 100  
10803 50  
10803 128  
10803 89  
10803 121  
10803 5  
10803 5  
10803 5  
10803 105  
10803 104  
10803 104  
10803 106  
10803 19  
10803 105  
10803 104  
10803 104  
10803 106  
10803 78  
10803 112  
10803 105  
10803 104  
10803 104  
10803 106  
10803 18  
10803 50  
10803 27  
10803 2  
10803 2  
10803 3  
10803 3  
10803 5  
10803 9  
10803 9  
10803 3  
10803 5  
10803 9  
10803 9  
10803 5  
10803 112  
10803 4  
10803 5  
10803 5  
10803 5  
10803 5  
10803 5  
10816 4  
10816 2  
10816 66  
10816 66  
10816 4  
10816 138  
10816 66  
10816 5  
10816 23  
10816 45  
10816 4  
10816 27  
10816 66  
10816 5  
10816 4  
10816 2  
10816 66  
10816 66  
10816 5  
10816 5  
10816 85  
10816 5  
10816 5  
10816 5  
10816 5  
10816 5  
10816 5  
10816 5  
10816 5  
10816 5  
10816 5  
10816 5  
10816 5  
10816 5  
10816 5  
10816 5  
10816 5  
10816 5  
10816 5  
10816 5  
10816 5  
10816 5  
10816 5  
10816 5  
10816 5  
10816 5  
10816 5  
10816 5  
10816 5  
10816 5  
10816 5  
10816 5  
10816 5  
10816 5  
10816 5  
10816 5  
10816 5  
10816 5  
10816 5  
10816 5  
10816 5  
10816 5  
10816 5  
10816 5  
10816 5  
10816 5  
10816 5  
10816 5  
10816 5  
10816 5  
10816 5  
10816 5  
10816 5  
10816 5  
10816 5  
10816 5  
10816 5  
10816 5  
10816 5  
10816 5  
10816 5  
10816 5  
10816 4  
10816 59  
10816 105  
10816 104  
10816 104  
10816 106  
10816 105  
10816 104  
10816 104  
10816 106  
10816 105  
10816 104  
10816 104  
10816 106  
10816 105  
10816 104  
10816 104  
10816 106  
10816 105  
10816 104  
10816 104  
10816 106  
10816 105  
10816 104  
10816 104  
10816 106  
10816 56  
10816 19  
10816 155  
10816 83  
10816 155  
10816 19  
10816 4  
10816 93  
10816 94  
10816 5  
10816 112  
10816 19  
10816 93  
10816 19  
10816 100  
10816 50  
10816 128  
10816 85  
10816 89  
10816 121  
10816 5  
10816 5  
10816 4  
10816 50  
10816 27  
10816 2  
10816 19  
10816 4  
10816 93  
10816 94  
10816 5  
10816 112  
10816 19  
10816 93  
10816 100  
10816 50  
10816 128  
10816 89  
10816 121  
10816 5  
10816 5  
10816 5  
10816 93  
10816 50  
10816 112  
10816 4  
10816 2  
10816 5  
10816 23  
10816 4  
10816 50  
10816 27  
10816 2  
10816 2  
10816 11  
10816 17  
10816 4  
10816 4  
10816 27  
10816 18  
10816 2  
10816 17  
10816 112  
10816 19  
10816 19  
10816 32  
10816 32  
10816 7  
10816 5  
10816 8  
10816 9  
10816 8  
10816 4  
10816 14  
10816 112  
10816 19  
10816 112  
10816 4  
10816 2  
10816 5  
10816 112  
10816 112  
10816 50  
10816 50  
10816 27  
10816 4  
10816 27  
10816 88  
10816 167  
10816 17  
10816 5  
10816 4  
10816 50  
10816 27  
10816 2  
10816 5  
10816 4  
10816 18  
10816 2  
10816 5  
10816 4  
10816 50  
10816 27  
10816 2  
10816 5  
10816 23  
10816 50  
10816 27  
10816 50  
10816 3  
10816 93  
10816 88  
10816 112  
10816 19  
10816 128  
10816 3  
10816 112  
10816 19  
10816 128  
10816 3  
10816 112  
10816 19  
10816 128  
10816 23  
10816 45  
10816 3  
10816 112  
10816 19  
10816 128  
10816 3  
10816 4  
10816 14  
10816 50  
10816 27  
10816 2  
10816 50  
10816 27  
10816 2  
10816 3  
10816 5  
10816 112  
10816 19  
10816 128  
10816 112  
10816 19  
10816 128  
10816 4  
10816 3  
10816 3  
10816 112  
10816 19  
10816 128  
10816 112  
10816 3  
10816 19  
10816 32  
10816 32  
10816 7  
10816 5  
10816 8  
10816 9  
10816 8  
10816 4  
10816 14  
10816 3  
10816 112  
10816 19  
10816 128  
10816 3  
10816 3  
10816 112  
10816 19  
10816 128  
10816 4  
10816 18  
10816 50  
10816 27  
10816 105  
10816 108  
10816 112  
10816 19  
10816 19  
10816 105  
10816 104  
10816 104  
10816 106  
10816 78  
10816 112  
10816 105  
10816 104  
10816 104  
10816 106  
10816 78  
10816 19  
10816 4  
10816 93  
10816 94  
10816 5  
10816 112  
10816 19  
10816 93  
10816 100  
10816 50  
10816 128  
10816 89  
10816 121  
10816 5  
10816 5  
10816 4  
10816 50  
10816 27  
10816 2  
10816 19  
10816 4  
10816 93  
10816 94  
10816 5  
10816 112  
10816 19  
10816 93  
10816 100  
10816 50  
10816 128  
10816 89  
10816 121  
10816 5  
10816 5  
10816 5  
10816 105  
10816 104  
10816 104  
10816 106  
10816 19  
10816 105  
10816 104  
10816 104  
10816 106  
10816 78  
10816 112  
10816 105  
10816 104  
10816 104  
10816 106  
10816 18  
10816 50  
10816 27  
10816 2  
10816 2  
10816 3  
10816 3  
10816 5  
10816 9  
10816 9  
10816 3  
10816 5  
10816 9  
10816 9  
10816 5  
10816 112  
10816 4  
10816 5  
10816 5  
10816 5  
10816 5  
10816 5  
