2826 5
2826 90
2826 6
2826 125
2826 125
2826 24
2826 49
2826 47
2826 50
2826 106
2826 5
2826 90
2826 6
2826 5
2826 5
2826 3
2826 90
2826 90
2826 90
2826 90
2826 6
2826 6
2826 125
2826 5
2826 5
2826 3
2826 90
2826 90
2826 90
2826 90
2826 6
2826 6
2826 125
2826 5
2826 5
2826 3
2826 90
2826 90
2826 90
2826 6
2826 6
2826 125
2826 5
2826 5
2826 5
2826 3
2826 90
2826 90
2826 90
2826 6
2826 6
2826 125
2826 5
2826 5
2826 5
2826 3
2826 90
2826 90
2826 90
2826 90
2826 6
2826 6
2826 125
2826 5
2826 5
2826 3
2826 90
2826 90
2826 90
2826 90
2826 6
2826 6
2826 125
2826 91
2826 125
2826 125
2826 125
2826 125
2826 125
2826 125
2826 125
2826 125
2826 136
2826 45
2826 13
2826 45
2826 45
2826 45
2826 45
2826 45
2826 45
2826 45
2826 45
2826 45
2826 5
2826 108
2826 45
2826 3
2826 3
2826 3
2826 6
2826 5
2826 108
2826 3
2826 3
2826 3
2826 6
2826 5
2826 108
2826 3
2826 19
2826 6
2826 33
2826 5
2826 108
2826 3
2826 3
2826 6
2826 45
2826 5
2826 11
2826 5
2826 90
2826 6
2826 125
2826 125
2826 24
2826 49
2826 47
2826 50
2826 106
2826 5
2826 90
2826 6
2826 5
2826 5
2826 3
2826 90
2826 90
2826 90
2826 6
2826 6
2826 125
2826 5
2826 5
2826 3
2826 90
2826 90
2826 90
2826 90
2826 6
2826 6
2826 125
2826 91
2826 125
2826 125
2826 125
2826 125
2826 136
2826 45
2826 24
2826 47
2826 49
2826 50
2826 45
2826 45
2826 45
2826 13
2826 54
2826 54
2826 45
2826 67
2826 67
2826 67
2826 67
2826 67
2826 67
2826 67
2826 67
2826 67
2826 67
2826 67
2826 67
2826 67
2826 67
2826 67
2826 67
2826 67
2826 67
2826 67
2826 67
2826 67
2826 67
2826 67
2826 67
2826 67
2826 126
2826 67
2826 67
2826 67
2826 67
2826 67
2826 67
2826 67
2826 45
2826 5
2826 45
2826 108
2826 45
2826 3
2826 3
2826 6
2826 5
2826 108
2826 45
2826 3
2826 19
2826 6
2826 122
2826 45
2826 45
2826 107
2826 107
2826 107
2826 106
2826 5
2826 55
2826 89
2826 89
2826 89
2826 107
2826 6
2826 107
2826 106
2826 5
2826 55
2826 89
2826 89
2826 89
2826 89
2826 89
2826 89
2826 107
2826 6
2826 107
2826 106
2826 5
2826 55
2826 89
2826 89
2826 89
2826 89
2826 89
2826 107
2826 6
2826 107
2826 106
2826 5
2826 55
2826 89
2826 89
2826 89
2826 107
2826 6
2826 107
2826 106
2826 5
2826 55
2826 89
2826 89
2826 89
2826 89
2826 89
2826 89
2826 89
2826 89
2826 89
2826 89
2826 89
2826 89
2826 89
2826 89
2826 89
2826 89
2826 89
2826 89
2826 89
2826 89
2826 89
2826 89
2826 89
2826 89
2826 89
2826 89
2826 89
2826 89
2826 89
2826 89
2826 107
2826 6
2826 107
2826 106
2826 5
2826 55
2826 89
2826 89
2826 89
2826 89
2826 89
2826 89
2826 89
2826 89
2826 89
2826 89
2826 107
2826 6
2826 107
2826 106
2826 5
2826 55
2826 89
2826 89
2826 89
2826 89
2826 89
2826 89
2826 89
2826 89
2826 107
2826 6
2826 45
2826 20
2826 64
2826 24
2826 5
2826 108
2826 45
2826 3
2826 19
2826 6
2826 65
2826 41
2826 55
2826 63
2826 6
2826 54
2826 20
2826 57
2826 126
2826 54
2826 126
2826 55
2826 67
2826 54
2826 106
2826 13
2826 5
2826 108
2826 45
2826 3
2826 6
2826 106
2826 5
2826 108
2826 3
2826 6
2826 45
2826 45
2826 54
2826 55
2826 67
2826 13
2826 49
2826 49
2826 126
2826 126
2826 126
2826 54
2826 126
2826 67
2826 5
2826 108
2826 45
2826 19
2826 3
2826 19
2826 6
2826 54
2826 54
2826 54
2826 45
2826 24
2826 5
2826 108
2826 45
2826 3
2826 19
2826 6
2826 106
2826 126
2826 54
2826 54
2826 126
2826 67
2826 67
2826 67
2826 45
2826 4
2826 3
2826 4
2826 3
2826 4
2826 3
2826 4
2826 126
2826 54
2826 126
2826 67
2826 67
2826 67
2826 67
2826 106
2826 106
2826 106
2826 106
2826 106
2826 106
2826 80
2826 126
2826 2
2826 57
2826 126
2826 126
2826 126
2826 54
2826 126
2826 126
2826 126
2826 114
2826 126
2826 54
2826 126
2826 54
2826 126
2826 126
2826 126
2826 126
2826 126
2826 67
2826 13
2826 49
2826 49
2826 126
2826 126
2826 126
2826 126
2826 126
2826 54
2826 126
2826 67
2826 126
2826 54
2826 54
2826 126
2826 67
2826 67
2826 67
2826 4
2826 4
2826 3
2826 126
2826 54
2826 126
2826 67
2826 67
2826 67
2826 67
2826 4
2826 4
2826 67
2826 106
2826 5
2826 4
2826 6
2826 126
2826 54
2826 126
2826 57
2826 1
2695 5
2695 90
2695 6
2695 125
2695 125
2695 24
2695 49
2695 47
2695 50
2695 106
2695 5
2695 90
2695 6
2695 5
2695 5
2695 3
2695 90
2695 90
2695 90
2695 90
2695 6
2695 6
2695 125
2695 5
2695 5
2695 3
2695 90
2695 90
2695 90
2695 90
2695 6
2695 6
2695 125
2695 5
2695 5
2695 3
2695 90
2695 90
2695 90
2695 6
2695 6
2695 125
2695 5
2695 5
2695 5
2695 3
2695 90
2695 90
2695 90
2695 6
2695 6
2695 125
2695 5
2695 5
2695 5
2695 3
2695 90
2695 90
2695 90
2695 90
2695 6
2695 6
2695 125
2695 5
2695 5
2695 3
2695 90
2695 90
2695 90
2695 90
2695 6
2695 6
2695 125
2695 91
2695 125
2695 125
2695 125
2695 125
2695 125
2695 125
2695 125
2695 125
2695 136
2695 45
2695 13
2695 45
2695 45
2695 45
2695 45
2695 45
2695 45
2695 45
2695 45
2695 45
2695 5
2695 108
2695 45
2695 3
2695 3
2695 3
2695 6
2695 5
2695 108
2695 3
2695 3
2695 3
2695 6
2695 5
2695 108
2695 3
2695 19
2695 6
2695 33
2695 5
2695 108
2695 3
2695 3
2695 6
2695 45
2695 5
2695 11
2695 5
2695 90
2695 6
2695 125
2695 125
2695 24
2695 49
2695 47
2695 50
2695 106
2695 5
2695 90
2695 6
2695 5
2695 5
2695 3
2695 90
2695 90
2695 90
2695 6
2695 6
2695 125
2695 5
2695 5
2695 3
2695 90
2695 90
2695 90
2695 90
2695 6
2695 6
2695 125
2695 91
2695 125
2695 125
2695 125
2695 125
2695 136
2695 45
2695 24
2695 47
2695 49
2695 50
2695 45
2695 45
2695 45
2695 13
2695 54
2695 54
2695 45
2695 67
2695 67
2695 67
2695 67
2695 67
2695 67
2695 67
2695 67
2695 67
2695 67
2695 67
2695 67
2695 67
2695 67
2695 67
2695 67
2695 67
2695 67
2695 67
2695 67
2695 67
2695 67
2695 67
2695 67
2695 67
2695 126
2695 67
2695 67
2695 67
2695 67
2695 67
2695 67
2695 67
2695 45
2695 5
2695 45
2695 108
2695 45
2695 3
2695 3
2695 6
2695 5
2695 108
2695 45
2695 3
2695 19
2695 6
2695 122
2695 45
2695 45
2695 107
2695 107
2695 107
2695 106
2695 5
2695 55
2695 89
2695 89
2695 89
2695 89
2695 89
2695 89
2695 107
2695 6
2695 107
2695 106
2695 5
2695 55
2695 89
2695 89
2695 89
2695 89
2695 89
2695 89
2695 89
2695 89
2695 89
2695 89
2695 89
2695 89
2695 89
2695 89
2695 89
2695 89
2695 89
2695 89
2695 89
2695 89
2695 89
2695 89
2695 89
2695 89
2695 89
2695 89
2695 89
2695 89
2695 89
2695 89
2695 107
2695 6
2695 107
2695 106
2695 5
2695 55
2695 89
2695 89
2695 89
2695 89
2695 89
2695 89
2695 89
2695 89
2695 89
2695 89
2695 107
2695 6
2695 107
2695 106
2695 5
2695 55
2695 89
2695 89
2695 89
2695 89
2695 89
2695 89
2695 89
2695 89
2695 107
2695 6
2695 20
2695 45
2695 64
2695 24
2695 5
2695 108
2695 45
2695 3
2695 19
2695 6
2695 65
2695 41
2695 55
2695 63
2695 6
2695 54
2695 20
2695 57
2695 126
2695 54
2695 126
2695 55
2695 67
2695 54
2695 106
2695 13
2695 5
2695 108
2695 45
2695 3
2695 6
2695 106
2695 5
2695 108
2695 3
2695 6
2695 45
2695 45
2695 54
2695 55
2695 67
2695 13
2695 49
2695 49
2695 126
2695 126
2695 126
2695 54
2695 126
2695 67
2695 5
2695 108
2695 45
2695 19
2695 3
2695 19
2695 6
2695 54
2695 54
2695 54
2695 45
2695 24
2695 5
2695 108
2695 45
2695 3
2695 19
2695 6
2695 106
2695 126
2695 54
2695 54
2695 126
2695 67
2695 67
2695 67
2695 45
2695 4
2695 3
2695 4
2695 3
2695 4
2695 3
2695 4
2695 126
2695 54
2695 126
2695 67
2695 67
2695 67
2695 67
2695 106
2695 106
2695 106
2695 106
2695 106
2695 106
2695 80
2695 126
2695 2
2695 57
2695 126
2695 126
2695 126
2695 54
2695 126
2695 126
2695 126
2695 114
2695 126
2695 54
2695 126
2695 54
2695 126
2695 126
2695 126
2695 126
2695 126
2695 67
2695 13
2695 49
2695 49
2695 126
2695 126
2695 126
2695 126
2695 126
2695 54
2695 126
2695 67
2695 126
2695 54
2695 54
2695 126
2695 67
2695 67
2695 67
2695 4
2695 4
2695 3
2695 126
2695 54
2695 126
2695 67
2695 67
2695 67
2695 67
2695 4
2695 4
2695 67
2695 106
2695 5
2695 4
2695 6
2695 126
2695 54
2695 126
2695 57
2695 1
